Multiple size <= 100
TEST 1 ARG:92 12 95 86 68 91 0 88 15 50 58 34 90 21 29 65 14 48 16 8 24 32 22 61 7 73 17 84 93 96 1 38 78 99 28 49 53 51 94 57 98 25 47 39 20 42 79 77 40 70 45 9 19 76 89 85 3 67 11 71 87 10 69 62 44 41 72 43 30 26 18 55 4 23 52 13 31 46 2 80 60 75 66 56 5 63 64 27 83 54 6 36 81 82 59 33 74 35 37 97
TEST 1 ARG:73 77 64 6 7 35 89 92 9 45 67 56 97 54 41 51 5 49 85 65 80 52 69 83 95 82 55 19 18 46 48 50 61 0 36 26 71 70 13 88 20 42 17 63 25 44 68 57 1 11 60 14 24 79 22 84 74 2 43 59 10 58 78 8 33 53 81 40 94 30 15 62 76 87 27 91 29 90 34 3 99 4 16 93 32 96 47 31 86 75 72 23 66 98 37 12 28 21 38 39
TEST 1 ARG:36 81 55 65 95 63 35 91 98 46 45 5 80 10 77 44 40 58 56 8 76 37 12 29 60 67 32 96 7 16 89 41 57 47 99 50 70 27 22 21 33 3 39 79 62 86 87 17 14 69 20 24 84 42 53 6 74 51 59 0 11 34 1 52 23 66 30 90 68 28 15 94 2 72 25 92 71 26 75 85 18 93 48 49 4 78 9 64 97 82 13 31 88 38 73 61 54 19 83 43
TEST 1 ARG:70 48 86 67 30 38 17 20 84 4 45 59 19 16 12 36 92 0 91 10 63 47 41 80 68 66 89 57 25 81 13 96 58 54 83 26 75 62 87 1 6 76 43 18 44 77 93 51 37 78 39 35 8 9 5 33 23 24 97 3 29 27 31 2 73 74 82 49 65 69 61 98 55 32 52 71 56 40 46 28 90 88 15 22 94 14 21 64 53 72 11 99 85 34 79 42 60 50 7 95
TEST 1 ARG:23 28 75 42 19 56 66 1 79 95 25 32 92 8 50 67 97 6 29 21 55 51 45 38 69 60 46 39 59 12 53 47 72 61 36 68 82 54 2 88 0 15 44 24 20 87 52 57 41 85 4 65 80 9 40 31 83 70 63 7 76 77 91 71 11 43 34 27 58 10 89 98 49 33 78 5 93 30 13 84 48 62 18 37 64 90 22 86 94 35 96 74 99 16 73 81 26 17 3 14
TEST 1 ARG:30 12 35 98 14 63 78 76 46 21 62 60 53 83 66 40 19 73 18 23 16 54 9 0 69 52 49 77 22 41 43 55 61 24 27 44 3 13 79 15 94 75 39 31 65 89 71 33 68 95 51 72 4 58 88 20 82 92 87 11 80 59 45 64 57 8 91 93 47 97 7 5 28 84 50 74 6 67 38 36 96 29 90 34 37 48 85 17 99 2 81 42 1 26 56 25 86 10 32 70
TEST 1 ARG:72 93 5 33 83 58 48 86 59 18 88 2 80 4 36 17 27 16 95 51 68 69 89 74 39 60 81 19 6 85 34 9 42 64 25 45 91 90 1 97 67 56 52 26 77 13 28 87 70 3 22 99 71 63 50 65 57 49 73 76 15 92 32 31 84 40 61 47 79 11 96 94 23 30 66 46 75 98 10 62 12 38 20 43 53 21 82 24 41 29 54 8 37 0 55 44 14 78 7 35
TEST 1 ARG:68 30 28 98 95 44 82 0 9 32 80 6 51 47 69 63 52 40 81 90 26 13 8 12 97 67 37 25 24 35 53 39 60 15 20 19 31 93 50 7 46 94 92 89 11 71 55 73 78 4 77 57 72 56 84 64 17 27 10 49 59 86 34 66 48 61 1 41 3 45 70 29 16 18 22 87 75 76 42 2 38 58 14 99 85 96 23 36 62 79 74 54 65 33 5 43 91 83 88 21
TEST 1 ARG:1 57 51 26 23 48 50 81 36 63 30 3 5 97 83 98 93 79 42 38 46 64 82 2 16 54 44 35 10 17 95 65 19 76 62 41 74 53 99 28 59 4 87 22 56 31 88 80 0 58 7 55 47 71 6 40 13 21 20 68 34 67 15 91 86 75 27 18 12 39 60 11 84 8 94 25 73 29 78 49 90 14 92 72 32 85 89 24 69 43 70 37 66 33 52 9 45 61 96 77
TEST 1 ARG:45 99 55 54 43 63 29 59 33 41 27 22 60 18 11 57 61 76 26 71 73 32 56 34 98 67 31 2 28 68 4 74 21 58 81 83 93 46 48 70 49 86 7 12 3 85 91 94 20 5 40 89 96 44 65 39 0 38 52 19 82 87 25 35 14 37 64 88 90 42 9 10 1 17 23 36 47 51 16 15 24 92 77 53 84 80 78 95 72 13 50 62 79 97 69 75 6 66 8 30
TEST 1 ARG:69 64 57 24 48 9 95 83 79 41 31 65 47 53 55 12 98 22 50 73 39 77 14 87 17 8 28 70 11 10 88 75 51 19 60 16 32 27 29 37 15 1 45 58 99 84 7 71 63 85 92 0 76 18 72 21 26 68 82 3 13 40 97 20 91 2 80 93 30 6 42 78 43 89 38 36 74 59 90 86 66 34 5 49 4 25 61 23 96 67 35 46 44 56 94 33 62 54 81 52
TEST 1 ARG:49 90 25 96 10 41 44 33 84 35 56 13 57 17 5 6 99 83 21 18 61 69 26 11 46 54 2 63 47 42 36 28 62 52 64 75 76 22 12 82 38 0 60 98 92 70 79 1 40 58 16 95 74 37 93 55 97 81 4 34 68 48 51 86 77 53 9 87 27 73 39 43 94 14 20 91 67 32 66 45 24 59 85 7 65 71 72 80 31 78 89 29 15 8 50 30 3 88 19 23
TEST 1 ARG:1 40 80 49 42 96 8 0 68 55 70 48 67 9 71 91 41 28 18 35 31 90 45 66 47 78 88 51 17 37 34 7 23 75 87 4 22 46 26 61 62 94 83 29 30 24 69 81 95 97 82 53 50 33 98 79 65 3 12 16 10 73 39 85 43 54 21 72 38 2 56 59 6 15 11 63 19 99 86 74 89 13 58 76 20 5 14 93 32 64 77 27 84 57 44 36 60 52 25 92
TEST 1 ARG:33 36 44 39 80 77 57 67 60 18 74 59 71 54 61 38 9 6 41 31 4 58 22 86 55 52 34 3 0 5 50 93 20 97 51 88 95 72 26 2 98 66 84 30 53 62 75 19 7 45 69 1 48 12 10 99 46 87 92 47 94 23 65 70 85 11 24 13 32 68 81 35 28 16 27 29 14 89 42 21 49 91 73 76 83 90 15 78 8 82 17 40 96 43 56 79 63 25 37 64
TEST 1 ARG:67 37 57 5 2 99 74 59 19 26 49 40 29 61 66 86 91 52 25 60 79 80 4 69 78 64 41 62 17 75 76 55 0 10 77 48 84 21 22 8 39 82 46 18 44 13 71 23 53 12 32 65 38 20 16 27 1 85 98 7 15 33 58 88 45 47 24 36 93 96 72 83 95 90 35 51 92 68 6 97 81 28 31 3 70 63 30 54 73 9 42 89 50 94 11 14 56 34 43 87
